0000000001,2298236481,03695,00000,00025,00104,01993,-00022,-00021,-00036,
0000000002,2298236491,03695,00000,00111,00051,02046,00018,-00086,-00050,
0000000003,2298236500,03695,00000,00119,00045,02047,00011,-00112,-00041,
0000000004,2298236510,03695,00000,00116,00043,02047,00012,-00113,-00039,
0000000005,2298236521,03695,00000,00118,00042,02046,00012,-00113,-00041,
0000000006,2298236531,03695,00000,00116,00041,02047,00011,-00113,-00039,
0000000007,2298236541,03695,00000,00117,00041,02047,00012,-00113,-00040,
0000000008,2298236550,03695,00000,00115,00041,02044,00013,-00112,-00040,
0000000009,2298236560,03695,00000,00116,00045,02041,00012,-00114,-00040,
0000000010,2298236571,03695,00000,00117,00047,02048,00013,-00114,-00039,
0000000011,2298236581,03695,00000,00116,00044,02041,00013,-00113,-00040,
0000000012,2298236590,03695,00000,00119,00043,02047,00013,-00114,-00040,
0000000013,2298236600,03695,00000,00117,00045,02048,00013,-00114,-00039,
0000000014,2298236611,03695,00000,00117,00045,02045,00013,-00114,-00040,
0000000015,2298236621,03695,00000,00117,00042,02050,00012,-00113,-00039,
0000000016,2298236630,03695,00000,00118,00043,02042,00014,-00113,-00040,
0000000017,2298236640,03695,00000,00113,00043,02045,00014,-00114,-00039,
0000000018,2298236651,03695,00000,00112,00043,02052,00013,-00114,-00039,
0000000019,2298236661,03695,00000,00115,00045,02041,00014,-00114,-00039,
0000000020,2298236670,03695,00000,00117,00044,02047,00013,-00115,-00040,
0000000021,2298236680,03695,00000,00116,00046,02043,00014,-00114,-00041,
0000000022,2298236691,03695,00000,00120,00045,02046,00014,-00113,-00040,
0000000023,2298236701,03695,00000,00117,00045,02048,00014,-00113,-00041,
0000000024,2298236710,03695,00000,00120,00045,02047,00014,-00113,-00040,
0000000025,2298236720,03695,00000,00117,00043,02041,00014,-00113,-00039,
0000000026,2298236730,03695,00000,00117,00040,02045,00013,-00114,-00040,
0000000027,2298236741,03695,00000,00116,00042,02045,00015,-00114,-00040,
0000000028,2298236750,03695,00000,00115,00048,02043,00015,-00114,-00040,
0000000029,2298236760,03695,00000,00119,00043,02045,00014,-00115,-00040,
0000000030,2298236770,03695,00000,00119,00044,02046,00015,-00114,-00040,
0000000031,2298236781,03695,00000,00116,00042,02041,00016,-00114,-00040,
0000000032,2298236791,03695,00000,00120,00041,02047,00015,-00113,-00039,
0000000033,2298236800,03695,00000,00118,00042,02047,00014,-00113,-00040,
0000000034,2298236810,03695,00000,00120,00038,02049,00015,-00114,-00039,
0000000035,2298236821,03695,00000,00118,00044,02051,00015,-00114,-00041,
0000000036,2298236831,03695,00000,00117,00045,02048,00014,-00113,-00039,
0000000037,2298236840,03695,00000,00120,00043,02048,00015,-00114,-00041,
0000000038,2298236850,03695,00000,00114,00046,02037,00015,-00114,-00040,
0000000039,2298236861,03695,00000,00115,00040,02036,00015,-00114,-00039,
0000000040,2298236871,03695,00000,00114,00043,02045,00014,-00114,-00041,
0000000041,2298236880,03695,00000,00117,00041,02048,00014,-00113,-00040,
0000000042,2298236890,03695,00000,00114,00042,02045,00016,-00114,-00039,
0000000043,2298236900,03695,00000,00115,00039,02049,00015,-00114,-00039,
0000000044,2298236911,03695,00000,00117,00045,02045,00014,-00113,-00040,
0000000045,2298236920,03695,00000,00122,00045,02039,00015,-00114,-00041,
0000000046,2298236930,03695,00000,00118,00048,02045,00015,-00114,-00039,
0000000047,2298236940,03695,00000,00118,00045,02047,00015,-00113,-00041,
0000000048,2298236951,03695,00000,00117,00043,02041,00014,-00113,-00041,
0000000049,2298236960,03695,00000,00118,00040,02051,00014,-00113,-00040,
0000000050,2298236970,03695,00000,00061,-00115,01967,00033,-00105,-00065,
0000000051,2298236980,03695,00000,-00127,-00801,02110,00440,-00049,-01147,
0000000052,2298236991,03695,00000,00015,-00593,02004,00528,00027,-01949,
0000000053,2298237000,03695,00000,00090,00223,02123,00538,-00109,-02276,
0000000054,2298237010,03695,00000,00150,00559,02088,-00306,-00379,-02284,
0000000055,2298237020,03695,00000,00111,00512,02045,-00936,-00345,-02000,
0000000056,2298237031,03695,00000,00082,00366,01856,-00711,-00168,-01970,
0000000057,2298237041,03695,00000,00226,00329,02153,00345,-00171,-01919,
0000000058,2298237050,03695,00000,00149,00097,02089,-00413,-00183,-01732,
0000000059,2298237060,03695,00000,00004,00059,02079,-00227,-00060,-01443,
0000000060,2298237071,03695,00000,00115,00080,02021,-00038,-00173,-01157,
0000000061,2298237081,03695,00000,00175,00043,02052,-00013,-00150,-00837,
0000000062,2298237090,03695,00000,00164,00030,02039,-00018,-00120,-00518,
0000000063,2298237100,03695,00000,00150,00042,02052,00009,-00115,-00223,
0000000064,2298237110,03695,00000,00122,00040,02042,00011,-00112,-00054,
0000000065,2298237121,03695,00000,00122,00042,02045,00014,-00114,-00041,
0000000066,2298237130,03695,00000,00120,00039,02041,00014,-00114,-00041,
0000000067,2298237140,03695,00000,00117,00037,02042,00014,-00114,-00040,
0000000068,2298237150,03695,00000,00119,00042,02049,00015,-00114,-00041,
0000000069,2298237161,03695,00000,00120,00037,02044,00014,-00113,-00040,
0000000070,2298237170,03695,00000,00117,00041,02045,00016,-00114,-00039,
0000000071,2298237180,03695,00000,00122,00044,02044,00015,-00113,-00040,
0000000072,2298237190,03695,00000,00121,00042,02042,00014,-00114,-00040,
0000000073,2298237201,03695,00000,00121,00040,02051,00015,-00114,-00041,
0000000074,2298237210,03695,00000,00118,00045,02045,00015,-00113,-00040,
0000000075,2298237220,03695,00000,00124,00046,02046,00015,-00114,-00039,
0000000076,2298237230,03695,00000,00125,00043,02048,00014,-00114,-00039,
0000000077,2298237241,03695,00000,00121,00042,02040,00015,-00114,-00040,
0000000078,2298237250,03695,00000,00122,00038,02051,00015,-00114,-00038,
0000000079,2298237260,03695,00000,00121,00040,02054,00014,-00114,-00039,
0000000080,2298237270,03695,00000,00119,00043,02048,00016,-00114,-00040,
0000000081,2298237280,03695,00000,00119,00040,02043,00015,-00115,-00040,
0000000082,2298237291,03695,00000,00120,00042,02051,00015,-00114,-00039,
0000000083,2298237300,03695,00000,00264,00102,02059,-00006,-00109,00011,
0000000084,2298237310,03695,00000,00281,00254,02024,-00010,-00128,00913,
0000000085,2298237320,03695,00000,-00155,00272,02057,00128,-00131,02156,
0000000086,2298237331,03695,00000,-00145,00233,02094,00113,-00155,02177,
0000000087,2298237340,03695,00000,00264,-00359,02075,00105,-00166,01733,
0000000088,2298237350,03695,00000,00319,-00195,02030,00065,-00114,00969,
0000000089,2298237360,03695,00000,00034,00025,02055,00043,-00018,00499,
0000000090,2298237371,03695,00000,00109,00043,02043,00037,-00077,00227,
0000000091,2298237380,03695,00000,00110,00036,02048,00030,-00084,00119,
0000000092,2298237390,03695,00000,00110,00029,02046,00022,-00094,00042,
0000000093,2298237400,03695,00000,00120,00039,02043,00024,-00111,00008,
0000000094,2298237411,03695,00000,00115,00034,02044,00024,-00132,00019,
0000000095,2298237420,03695,00000,00115,00027,02039,00047,-00148,00054,
0000000096,2298237430,03695,00000,00069,00009,02069,00073,-00062,00091,
0000000097,2298237440,03695,00000,00129,00034,02052,00073,-00072,00084,
0000000098,2298237450,03695,00000,00145,00056,02047,00057,-00080,00054,
0000000099,2298237460,03695,00000,00137,00060,02046,00047,-00089,00019,
0000000100,2298237470,03695,00000,00124,00050,02048,00037,-00094,-00006,
0000000101,2298237480,03695,00000,00123,00049,02051,00027,-00093,-00019,
0000000102,2298237490,03695,00000,00130,00048,02049,00029,-00090,-00006,
0000000103,2298237500,03695,00000,00120,00044,02051,00027,-00092,00052,
0000000104,2298237510,03695,00000,00124,00041,02048,00017,-00113,00118,
0000000105,2298237520,03695,00000,00124,00047,02049,00028,-00134,00205,
0000000106,2298237530,03695,00000,00163,00081,02055,00033,-00155,00294,
0000000107,2298237541,03695,00000,00042,00034,02040,00057,-00120,00510,
0000000108,2298237550,03695,00000,00127,00061,02040,00067,-00154,00388,
0000000109,2298237560,03695,00000,00112,00172,02034,00066,-00149,00350,
0000000110,2298237570,03695,00000,00132,00136,02040,00111,-00172,00329,
0000000111,2298237581,03695,00000,00140,-00048,02064,00151,-00179,00360,
0000000112,2298237590,03695,00000,00145,00027,02051,00090,-00172,00373,
0000000113,2298237600,03695,00000,00128,00017,02040,00066,-00144,00399,
0000000114,2298237610,03695,00000,00114,00001,02049,00059,-00118,00414,
0000000115,2298237621,03695,00000,00157,-00021,02048,00061,-00122,00449,
0000000116,2298237630,03695,00000,00117,00015,02045,00055,-00111,00541,
0000000117,2298237640,03695,00000,00096,00043,02048,00046,-00083,00577,
0000000118,2298237650,03695,00000,00091,00122,02034,00058,-00078,00542,
0000000119,2298237660,03695,00000,00102,00082,02046,00095,-00092,00427,
0000000120,2298237670,03695,00000,00112,00066,02053,00089,-00084,00314,
0000000121,2298237680,03695,00000,00123,00064,02048,00062,-00082,00205,
0000000122,2298237690,03695,00000,00125,00058,02043,00044,-00086,00106,
0000000123,2298237700,03695,00000,00126,00058,02047,00031,-00071,00031,
0000000124,2298237710,03695,00000,00133,00063,02052,00024,-00065,00016,
0000000125,2298237720,03695,00000,00126,00064,02045,00017,-00093,00060,
0000000126,2298237730,03695,00000,00131,00069,02041,00022,-00134,00112,
0000000127,2298237740,03695,00000,00134,00072,02045,00050,-00159,00159,
0000000128,2298237750,03695,00000,00146,00097,02044,00078,-00173,00201,
0000000129,2298237760,03695,00000,00150,00137,02031,00104,-00206,00215,
0000000130,2298237770,03695,00000,00112,00094,02044,00168,-00202,00235,
0000000131,2298237780,03695,00000,00091,00020,02053,00156,-00107,00155,
0000000132,2298237791,03695,00000,00112,00044,02056,00115,-00101,00050,
0000000133,2298237800,03695,00000,00120,00052,02054,00083,-00131,00014,
0000000134,2298237810,03695,00000,00123,00078,02065,00056,-00185,00033,
0000000135,2298237820,03695,00000,00146,00077,02058,00038,-00270,00082,
0000000136,2298237830,03695,00000,00161,00116,02047,00039,-00344,00166,
0000000137,2298237840,03695,00000,00128,00051,02045,00083,-00340,00258,
0000000138,2298237850,03695,00000,00132,00064,02052,00113,-00332,00285,
0000000139,2298237860,03695,00000,00132,00118,02066,00136,-00365,00294,
0000000140,2298237870,03695,00000,00046,00223,02166,00149,-00579,00254,
0000000141,2298237880,03695,00000,00079,00165,02441,00147,-01127,00106,
0000000142,2298237890,03695,00000,00111,00261,02637,-00162,-00770,-00063,
0000000143,2298237900,03695,00000,00064,-00046,02514,-00418,00152,-00248,
0000000144,2298237910,03695,00000,00297,-00053,02422,-00260,00355,-00541,
0000000145,2298237920,03695,00000,00367,-00029,02224,-00313,00581,-00526,
0000000146,2298237930,03695,00000,00279,-00012,02133,-00197,00626,-00308,
0000000147,2298237940,03695,00000,00277,00033,02073,00020,00622,-00181,
0000000148,2298237950,03695,00000,00314,-00032,01961,00175,00702,-00077,
0000000149,2298237960,03695,00000,00302,-00048,01988,00293,00632,00044,
0000000150,2298237970,03695,00000,00213,00005,02096,00280,00448,00067,
0000000151,2298237980,03695,00000,00187,00045,02151,00222,00380,00038,
0000000152,2298237990,03695,00000,00107,00061,02202,00271,00383,00084,
0000000153,2298237999,03695,00000,00075,00081,02280,00400,00388,00113,
0000000154,2298238010,03695,00000,00055,00121,02253,00428,00439,00123,
0000000155,2298238020,03695,00000,00020,00184,02197,00421,00469,00191,
0000000156,2298238030,03695,00000,-00102,00227,02298,00459,00386,00293,
0000000157,2298238040,03695,00000,-00133,00289,02334,00448,00266,00281,
0000000158,2298238050,03695,00000,-00035,00134,02054,00423,00517,00251,
0000000159,2298238060,03695,00000,-00001,00104,01930,00375,00422,00285,
0000000160,2298238070,03695,00000,-00029,00152,02026,00394,00033,00344,
0000000161,2298238080,03695,00000,-00034,00151,02040,00272,-00103,00342,
0000000162,2298238090,03695,00000,00022,00098,02073,00257,-00257,00367,
0000000163,2298238100,03695,00000,-00022,00061,02175,00300,-00380,00383,
0000000164,2298238110,03695,00000,-00004,00055,02260,00060,-00497,00239,
0000000165,2298238120,03695,00000,-00003,00097,02294,-00168,-00519,00134,
0000000166,2298238130,03695,00000,-00021,00182,02337,-00180,-00504,00102,
0000000167,2298238140,03695,00000,00017,00187,02370,-00078,-00417,00094,
0000000168,2298238150,03695,00000,00064,00124,02375,00020,-00304,00134,
0000000169,2298238160,03695,00000,00078,00111,02352,00044,-00231,00192,
0000000170,2298238170,03695,00000,00056,00112,02311,00004,-00183,00212,
0000000171,2298238180,03695,00000,00076,00106,02253,-00134,-00178,00168,
0000000172,2298238190,03695,00000,00098,00101,02178,-00211,-00175,00194,
0000000173,2298238200,03695,00000,00083,00092,02167,-00138,-00222,00308,
0000000174,2298238209,03695,00000,00031,00108,02231,-00073,-00307,00381,
0000000175,2298238220,03695,00000,00036,00114,02239,-00134,-00349,00330,
0000000176,2298238230,03695,00000,00050,00115,02231,-00132,-00302,00267,
0000000177,2298238240,03695,00000,00013,00078,02249,-00221,-00328,00168,
0000000178,2298238249,03695,00000,00087,00108,02213,-00476,-00326,00035,
0000000179,2298238260,03695,00000,00080,00119,02173,-00535,-00313,00056,
0000000180,2298238270,03695,00000,00019,00159,02303,-00379,-00356,00160,
0000000181,2298238280,03695,00000,00013,00119,02336,-00395,-00348,00158,
0000000182,2298238290,03695,00000,00066,00112,02194,-00442,-00150,00127,
0000000183,2298238300,03695,00000,00063,00089,02046,-00358,-00031,00219,
0000000184,2298238310,03695,00000,00006,00084,02029,-00239,-00102,00280,
0000000185,2298238320,03695,00000,00042,00087,02067,-00181,-00206,00238,
0000000186,2298238330,03695,00000,00051,00069,02115,-00025,-00204,00245,
0000000187,2298238340,03695,00000,00011,00077,02165,00070,-00198,00198,
0000000188,2298238350,03695,00000,00038,00039,02191,-00053,-00181,00026,
0000000189,2298238360,03695,00000,00102,-00012,02071,-00147,-00077,-00075,
0000000190,2298238370,03695,00000,00055,00028,02053,-00054,-00025,-00046,
0000000191,2298238379,03695,00000,00013,00110,02154,-00023,-00136,-00065,
0000000192,2298238390,03695,00000,00054,00086,02178,-00002,-00108,-00104,
0000000193,2298238400,03695,00000,00063,00100,02144,00157,00041,-00091,
0000000194,2298238410,03695,00000,00040,00091,02116,00198,00086,-00117,
0000000195,2298238419,03695,00000,00072,00043,02064,00102,00097,-00201,
0000000196,2298238430,03695,00000,00118,00016,01999,00097,00112,-00225,
0000000197,2298238440,03695,00000,00101,00030,01973,00173,00097,-00172,
0000000198,2298238450,03695,00000,00058,00021,02068,00165,-00001,-00132,
0000000199,2298238459,03695,00000,00078,00009,02083,00064,-00038,-00141,
0000000200,2298238470,03695,00000,00034,00083,02082,00034,00035,-00129,
0000000201,2298238480,03695,00000,-00008,00118,02138,-00008,00009,-00171,
0000000202,2298238490,03695,00000,00012,00170,02079,-00098,00063,-00285,
0000000203,2298238499,03695,00000,00029,00200,02007,00015,00167,-00313,
0000000204,2298238510,03695,00000,00013,00165,02061,00246,00158,-00290,
0000000205,2298238520,03695,00000,00048,00069,02040,00229,00168,-00315,
0000000206,2298238530,03695,00000,00056,00051,01927,00196,00236,-00283,
0000000207,2298238540,03695,00000,00020,00041,01883,00266,00196,-00181,
0000000208,2298238550,03695,00000,00005,-00015,01844,00206,00119,-00172,
0000000209,2298238560,03695,00000,00050,-00019,01769,00022,00044,-00217,
0000000210,2298238570,03695,00000,00050,00031,01771,-00008,-00080,-00147,
0000000211,2298238580,03695,00000,-00013,00119,01902,00004,-00237,-00044,
0000000212,2298238589,03695,00000,-00047,00227,02083,-00061,-00370,-00050,
0000000213,2298238600,03695,00000,-00044,00335,02111,-00046,-00284,-00149,
0000000214,2298238610,03695,00000,-00058,00364,02162,00094,-00153,-00207,
0000000215,2298238620,03695,00000,-00049,00263,02292,00165,-00123,-00276,
0000000216,2298238629,03695,00000,00037,00128,02256,-00016,00001,-00322,
0000000217,2298238640,03695,00000,00025,00089,02136,-00107,00175,-00224,
0000000218,2298238650,03695,00000,-00052,00117,02035,-00151,00217,-00110,
0000000219,2298238660,03695,00000,-00074,00143,01876,-00271,00232,-00092,
0000000220,2298238669,03695,00000,-00032,00071,01721,-00314,00214,-00063,
0000000221,2298238680,03695,00000,-00053,00036,01730,-00241,00055,00022,
0000000222,2298238690,03695,00000,-00039,00009,01738,-00278,-00135,00032,
0000000223,2298238700,03695,00000,-00021,00041,01737,-00398,-00235,00016,
0000000224,2298238709,03695,00000,-00032,00143,01869,-00431,-00424,00005,
0000000225,2298238720,03695,00000,00011,00103,02073,-00344,-00519,-00016,
0000000226,2298238730,03695,00000,00041,00033,02261,-00332,-00510,-00029,
0000000227,2298238740,03695,00000,00075,00014,02278,-00372,-00384,-00018,
0000000228,2298238749,03695,00000,00060,-00003,02193,-00338,-00147,00032,
0000000229,2298238759,03695,00000,00044,-00021,02095,-00357,-00063,00015,
0000000230,2298238770,03695,00000,00048,-00030,01939,-00453,-00021,-00039,
0000000231,2298238780,03695,00000,00079,-00039,01895,-00413,-00071,-00027,
0000000232,2298238790,03695,00000,00082,-00044,01932,-00342,-00171,00016,
0000000233,2298238799,03695,00000,00068,-00061,02009,-00315,-00259,00030,
0000000234,2298238810,03695,00000,00079,-00012,02051,-00326,-00285,00011,
0000000235,2298238820,03695,00000,00073,-00031,02178,-00287,-00292,-00013,
0000000236,2298238830,03695,00000,00083,-00078,02241,-00294,-00273,-00085,
0000000237,2298238839,03695,00000,00101,-00099,02114,-00345,-00108,-00125,
0000000238,2298238850,03695,00000,00087,-00112,01980,-00287,-00004,-00111,
0000000239,2298238860,03695,00000,00065,-00167,01952,-00181,-00024,-00089,
0000000240,2298238870,03695,00000,00076,-00177,01884,-00117,-00063,-00097,
0000000241,2298238879,03695,00000,00076,-00205,01746,-00061,-00003,-00047,
0000000242,2298238890,03695,00000,00015,-00180,01772,00087,-00125,00055,
0000000243,2298238900,03695,00000,-00060,-00132,01829,00163,-00301,00062,
0000000244,2298238910,03695,00000,-00036,-00069,01856,00046,-00387,-00032,
0000000245,2298238919,03695,00000,00011,-00017,01935,00014,-00509,-00063,
0000000246,2298238929,03695,00000,00016,00015,02062,00029,-00569,-00065,
0000000247,2298238940,03695,00000,00091,00006,02164,-00089,-00610,-00138,
0000000248,2298238950,03695,00000,00174,00000,02186,-00144,-00533,-00171,
0000000249,2298238959,03695,00000,00190,-00001,02177,-00078,-00407,-00130,
0000000250,2298238969,03695,00000,00176,00026,02123,-00101,-00325,-00104,
0000000251,2298238980,03695,00000,00182,00016,02012,-00135,-00233,-00090,
0000000252,2298238990,03695,00000,00140,00013,01948,-00064,-00180,-00034,
0000000253,2298238999,03695,00000,00114,-00023,01929,-00090,-00205,-00038,
0000000254,2298239009,03695,00000,00145,-00052,01827,-00154,-00176,-00053,
0000000255,2298239020,03695,00000,00136,-00085,01815,-00137,-00195,-00011,
0000000256,2298239030,03695,00000,00180,-00154,01877,-00207,-00311,00019,
0000000257,2298239040,03695,00000,00216,-00179,01913,-00286,-00336,00100,
0000000258,2298239049,03695,00000,00189,-00128,01925,-00301,-00330,00217,
0000000259,2298239060,03695,00000,00159,-00115,01904,-00366,-00301,00275,
0000000260,2298239070,03695,00000,00136,-00045,01883,-00413,-00277,00276,
0000000261,2298239080,03695,00000,00095,00037,01874,-00416,-00235,00251,
0000000262,2298239089,03695,00000,00067,00048,01903,-00348,-00195,00175,
0000000263,2298239100,03695,00000,00085,00034,01830,-00275,-00080,00071,
0000000264,2298239110,03695,00000,00084,00038,01765,-00168,00014,00002,
0000000265,2298239120,03695,00000,00103,-00032,01774,-00034,00021,-00045,
0000000266,2298239129,03695,00000,00101,-00100,01768,00027,00049,-00095,
0000000267,2298239140,03695,00000,00108,-00132,01750,-00013,00067,-00131,
0000000268,2298239150,03695,00000,00118,-00134,01698,-00091,00070,-00130,
0000000269,2298239160,03695,00000,00145,-00187,01669,-00072,00057,-00067,
0000000270,2298239169,03695,00000,00129,-00187,01701,-00020,00023,00020,
0000000271,2298239179,03695,00000,00117,-00131,01709,-00070,-00005,00066,
0000000272,2298239190,03695,00000,00119,-00104,01708,-00107,-00008,00091,
0000000273,2298239200,03695,00000,00126,-00080,01727,-00102,-00005,00104,
0000000274,2298239209,03695,00000,00124,-00060,01699,-00075,00028,00103,
0000000275,2298239219,03695,00000,00115,-00050,01733,-00020,00025,00099,
0000000276,2298239230,03695,00000,00101,-00050,01788,-00025,-00014,00064,
0000000277,2298239240,03695,00000,00065,-00082,01839,-00008,-00012,00044,
0000000278,2298239249,03695,00000,00043,-00073,01883,00075,00016,00013,
0000000279,2298239259,03695,00000,00009,-00069,01904,00119,00058,-00027,
0000000280,2298239270,03695,00000,00019,-00138,01897,00131,00068,-00073,
0000000281,2298239280,03695,00000,00049,-00233,01921,00180,00063,-00075,
0000000282,2298239290,03695,00000,00033,-00294,01970,00241,00030,-00029,
0000000283,2298239299,03695,00000,00041,-00329,01990,00189,00008,00009,
0000000284,2298239310,03695,00000,00056,-00359,01972,00115,-00004,00069,
0000000285,2298239320,03695,00000,00023,-00331,02012,00112,-00036,00137,
0000000286,2298239330,03695,00000,00004,-00303,02033,00007,-00082,00120,
0000000287,2298239339,03695,00000,00012,-00271,02011,-00109,-00091,00090,
0000000288,2298239350,03695,00000,-00004,-00249,02032,-00096,-00112,00108,
0000000289,2298239360,03695,00000,-00035,-00232,02072,-00048,-00130,00116,
0000000290,2298239370,03695,00000,-00039,-00182,02059,-00129,-00112,00061,
0000000291,2298239379,03695,00000,-00018,-00132,02051,-00188,-00114,00024,
0000000292,2298239389,03695,00000,-00025,-00118,02075,-00065,-00113,00033,
0000000293,2298239400,03695,00000,-00032,-00120,02051,00029,-00069,00012,
0000000294,2298239410,03695,00000,-00022,-00140,02053,00048,-00077,-00020,
0000000295,2298239419,03695,00000,-00005,-00177,02064,00070,-00105,-00021,
0000000296,2298239429,03695,00000,-00026,-00180,02076,00091,-00100,-00004,
0000000297,2298239440,03695,00000,-00037,-00170,02073,-00004,-00125,-00023,
0000000298,2298239450,03695,00000,-00019,-00164,02047,-00090,-00143,-00028,
0000000299,2298239459,03695,00000,-00034,-00122,02055,-00042,-00150,00020,
0000000300,2298239469,03695,00000,-00081,-00088,02080,00013,-00147,00045,
0000000301,2298239480,03695,00000,-00083,-00065,02070,-00023,-00133,00011,
0000000302,2298239490,03695,00000,-00084,-00054,02073,-00021,-00120,-00013,
0000000303,2298239499,03695,00000,-00098,-00047,02082,00037,-00106,-00038,
0000000304,2298239509,03695,00000,-00104,-00057,02062,00032,-00072,-00093,
0000000305,2298239520,03695,00000,-00088,-00084,02047,00007,-00068,-00133,
0000000306,2298239530,03695,00000,-00100,-00094,02024,00044,-00066,-00130,
0000000307,2298239540,03695,00000,-00130,-00096,02037,00092,-00060,-00127,
0000000308,2298239549,03695,00000,-00132,-00136,02009,00064,-00061,-00154,
0000000309,2298239559,03695,00000,-00089,-00223,01991,00057,-00055,-00138,
0000000310,2298239570,03695,00000,-00127,-00232,02037,00134,-00076,-00083,
0000000311,2298239580,03695,00000,-00122,-00202,02072,00041,-00112,-00097,
0000000312,2298239589,03695,00000,-00103,-00163,02031,-00135,-00099,-00129,
0000000313,2298239599,03695,00000,-00084,-00169,01993,-00169,-00118,-00115,
0000000314,2298239610,03695,00000,-00105,-00161,01973,-00127,-00138,-00088,
0000000315,2298239620,03695,00000,-00116,-00130,01948,-00113,-00162,-00076,
0000000316,2298239629,03695,00000,-00108,-00135,01948,-00093,-00201,-00047,
0000000317,2298239639,03695,00000,-00100,-00149,01971,00009,-00244,-00001,
0000000318,2298239650,03695,00000,-00113,-00171,02024,00123,-00249,00029,
0000000319,2298239660,03695,00000,-00089,-00181,02060,00095,-00268,00008,
0000000320,2298239669,03695,00000,-00062,-00195,02061,00072,-00245,-00009,
0000000321,2298239679,03695,00000,-00055,-00166,02068,00107,-00236,-00013,
0000000322,2298239690,03695,00000,-00048,-00137,02085,00064,-00240,-00045,
0000000323,2298239700,03695,00000,-00027,-00112,02084,00030,-00237,-00065,
0000000324,2298239709,03695,00000,-00055,-00087,02158,00113,-00222,-00065,
0000000325,2298239719,03695,00000,-00076,-00095,02218,00097,-00200,-00131,
0000000326,2298239730,03695,00000,-00050,-00116,02184,-00003,-00121,-00214,
0000000327,2298239740,03695,00000,-00032,-00118,02113,00025,-00025,-00238,
0000000328,2298239749,03695,00000,-00057,-00077,02047,00080,00015,-00244,
0000000329,2298239759,03695,00000,-00047,-00072,02012,00093,00012,-00266,
0000000330,2298239769,03695,00000,-00042,-00084,02003,00129,-00008,-00292,
0000000331,2298239780,03695,00000,-00050,-00111,02006,00130,-00024,-00317,
0000000332,2298239790,03695,00000,-00049,-00137,01995,00083,-00044,-00356,
0000000333,2298239799,03695,00000,-00040,-00199,01981,00031,-00037,-00370,
0000000334,2298239809,03695,00000,-00029,-00244,02006,-00057,-00076,-00371,
0000000335,2298239820,03695,00000,00006,-00296,01944,-00179,-00067,-00338,
0000000336,2298239830,03695,00000,00003,-00293,01887,-00217,-00087,-00243,
0000000337,2298239839,03695,00000,-00016,-00255,01894,-00248,-00157,-00169,
0000000338,2298239849,03695,00000,-00006,-00224,01919,-00302,-00231,-00142,
0000000339,2298239860,03695,00000,-00001,-00197,01980,-00267,-00281,-00121,
0000000340,2298239870,03695,00000,00012,-00158,02017,-00175,-00284,-00128,
0000000341,2298239879,03695,00000,00011,-00118,02062,-00081,-00272,-00165,
0000000342,2298239889,03695,00000,00024,-00095,02144,-00018,-00273,-00230,
0000000343,2298239900,03695,00000,00055,-00126,02172,00087,-00217,-00279,
0000000344,2298239910,03695,00000,00071,-00171,02183,00205,-00134,-00312,
0000000345,2298239919,03695,00000,00099,-00232,02160,00217,-00080,-00339,
0000000346,2298239929,03695,00000,00132,-00258,02137,00208,-00047,-00329,
0000000347,2298239939,03695,00000,00118,-00239,02155,00222,-00042,-00294,
0000000348,2298239950,03695,00000,00113,-00190,02153,00167,-00029,-00280,
0000000349,2298239959,03695,00000,00111,-00148,02114,00095,-00005,-00288,
0000000350,2298239969,03695,00000,00092,-00107,02139,00104,-00012,-00284,
0000000351,2298239979,03695,00000,00056,-00081,02153,00122,-00003,-00309,
0000000352,2298239990,03695,00000,00067,-00087,02121,00117,00045,-00347,
0000000353,2298239999,03695,00000,00054,-00071,02083,00183,00074,-00342,
0000000354,2298240009,03695,00000,00016,-00072,02132,00254,00074,-00338,
0000000355,2298240019,03695,00000,00046,-00109,02102,00197,00084,-00382,
0000000356,2298240030,03695,00000,00055,-00116,02068,00193,00114,-00378,
0000000357,2298240040,03695,00000,00037,-00092,02037,00224,00105,-00351,
0000000358,2298240049,03695,00000,00043,-00112,02035,00218,00082,-00353,
0000000359,2298240059,03695,00000,00053,-00132,02062,00189,00038,-00351,
0000000360,2298240070,03695,00000,00061,-00116,02064,00181,00014,-00330,
0000000361,2298240080,03695,00000,00041,-00084,02072,00188,00032,-00307,
0000000362,2298240089,03695,00000,00027,-00095,02092,00145,-00007,-00325,
0000000363,2298240099,03695,00000,00024,-00081,02032,00059,00010,-00354,
0000000364,2298240109,03695,00000,00021,-00066,01981,00045,00015,-00361,
0000000365,2298240120,03695,00000,00007,-00081,02004,00030,-00039,-00357,
0000000366,2298240129,03695,00000,00019,-00095,02045,-00023,-00083,-00358,
0000000367,2298240139,03695,00000,00022,-00077,02048,-00035,-00072,-00336,
0000000368,2298240149,03695,00000,00001,-00035,02028,-00004,-00043,-00322,
0000000369,2298240160,03695,00000,00011,-00073,01986,00013,-00018,-00344,
0000000370,2298240169,03695,00000,00011,-00116,01994,00081,-00024,-00345,
0000000371,2298240179,03695,00000,00017,-00157,01972,00170,-00010,-00336,
0000000372,2298240189,03695,00000,00039,-00186,01981,00197,-00007,-00310,
0000000373,2298240200,03695,00000,00046,-00162,02045,00185,-00051,-00271,
0000000374,2298240209,03695,00000,00046,-00130,02069,00182,-00048,-00245,
0000000375,2298240219,03695,00000,00031,-00109,02087,00168,-00013,-00234,
0000000376,2298240229,03695,00000,00032,-00090,02139,00078,-00049,-00260,
0000000377,2298240240,03695,00000,00051,-00049,02114,00026,-00012,-00289,
0000000378,2298240249,03695,00000,00038,-00009,02097,00096,00032,-00284,
0000000379,2298240259,03695,00000,00021,00009,02085,00166,00032,-00305,
0000000380,2298240269,03695,00000,00026,-00012,02085,00153,00027,-00352,
0000000381,2298240280,03695,00000,00041,-00014,02062,00157,00027,-00376,
0000000382,2298240290,03695,00000,00029,-00019,02098,00184,00009,-00385,
0000000383,2298240299,03695,00000,00031,-00009,02129,00123,-00015,-00408,
0000000384,2298240309,03695,00000,00028,00014,02122,00074,00005,-00424,
0000000385,2298240319,03695,00000,00037,-00022,02089,00098,00043,-00431,
0000000386,2298240330,03695,00000,00033,-00067,02109,00134,00049,-00415,
0000000387,2298240339,03695,00000,00028,-00072,02147,00154,00030,-00386,
0000000388,2298240349,03695,00000,00008,-00056,02105,00135,00080,-00366,
0000000389,2298240359,03695,00000,-00007,-00036,02094,00130,00080,-00362,
0000000390,2298240370,03695,00000,-00007,-00019,02069,00152,00068,-00372,
0000000391,2298240379,03695,00000,-00010,-00021,02066,00175,00052,-00390,
0000000392,2298240389,03695,00000,00026,-00047,02061,00123,00014,-00425,
0000000393,2298240399,03695,00000,00088,-00104,02057,00104,-00009,-00425,
0000000394,2298240410,03695,00000,00080,-00105,02125,00109,-00057,-00388,
0000000395,2298240419,03695,00000,00089,-00098,02172,00019,-00087,-00377,
0000000396,2298240429,03695,00000,00100,-00086,02153,-00042,-00058,-00365,
0000000397,2298240439,03695,00000,00085,-00047,02136,-00020,-00009,-00336,
0000000398,2298240450,03695,00000,00085,-00030,02125,00027,00004,-00320,
0000000399,2298240459,03695,00000,00066,-00033,02094,00079,00045,-00316,
0000000400,2298240469,03695,00000,00076,-00045,02047,00102,00068,-00321,
0000000401,2298240479,03695,00000,00096,-00086,01991,00093,00069,-00328,
0000000402,2298240489,03695,00000,00118,-00106,01957,00100,00051,-00300,
0000000403,2298240499,03695,00000,00114,-00103,02005,00066,-00021,-00274,
0000000404,2298240509,03695,00000,00137,-00111,02035,00001,-00073,-00271,
0000000405,2298240519,03695,00000,00125,-00085,02032,-00019,-00052,-00255,
0000000406,2298240529,03695,00000,00100,-00077,02041,-00006,-00061,-00247,
0000000407,2298240540,03695,00000,00099,-00106,02016,00021,-00027,-00247,
0000000408,2298240549,03695,00000,00103,-00107,01971,00052,00012,-00230,
0000000409,2298240559,03695,00000,00087,-00066,01947,00040,00000,-00228,
0000000410,2298240569,03695,00000,00093,-00060,01945,00028,-00032,-00234,
0000000411,2298240580,03695,00000,00110,-00056,01927,00051,-00034,-00234,
0000000412,2298240589,03695,00000,00117,-00081,01915,00038,-00038,-00240,
0000000413,2298240599,03695,00000,00132,-00088,01934,-00022,-00095,-00241,
0000000414,2298240609,03695,00000,00149,-00068,01935,-00060,-00128,-00218,
0000000415,2298240620,03695,00000,00153,-00037,01940,-00072,-00138,-00184,
0000000416,2298240629,03695,00000,00161,00005,01941,-00079,-00158,-00171,
0000000417,2298240639,03695,00000,00177,00024,01926,-00041,-00141,-00177,
0000000418,2298240649,03695,00000,00201,00029,01878,-00008,-00111,-00179,
0000000419,2298240659,03695,00000,00218,00021,01857,00012,-00113,-00168,
0000000420,2298240669,03695,00000,00221,00014,01869,00019,-00130,-00168,
0000000421,2298240679,03695,00000,00178,00029,01875,00030,-00129,-00168,
0000000422,2298240689,03695,00000,00141,00014,01893,00055,-00110,-00175,
0000000423,2298240699,03695,00000,00091,-00050,01970,00058,-00121,-00173,
0000000424,2298240709,03695,00000,00086,-00130,01982,00006,-00103,-00171,
0000000425,2298240719,03695,00000,00075,-00175,01892,-00023,-00025,-00129,
0000000426,2298240729,03695,00000,00040,-00152,01864,-00014,-00052,-00073,
0000000427,2298240739,03695,00000,00014,-00168,01925,-00037,-00150,-00034,
0000000428,2298240749,03695,00000,00013,-00191,02031,-00062,-00230,00002,
0000000429,2298240759,03695,00000,-00021,-00174,02083,-00038,-00229,00040,
0000000430,2298240769,03695,00000,-00059,-00114,02070,-00043,-00189,00045,
0000000431,2298240779,03695,00000,-00069,-00110,02058,-00020,-00168,00021,
0000000432,2298240790,03695,00000,-00070,-00124,02055,00064,-00164,00008,
0000000433,2298240799,03695,00000,-00087,-00130,02054,00113,-00168,00004,
0000000434,2298240809,03695,00000,-00066,-00156,02017,00121,-00164,00005,
0000000435,2298240819,03695,00000,-00071,-00153,02041,00120,-00202,00041,
0000000436,2298240830,03695,00000,-00081,-00128,02127,00108,-00276,00075,
0000000437,2298240839,03695,00000,-00086,-00089,02215,00046,-00309,00077,
0000000438,2298240849,03695,00000,-00078,-00032,02219,-00026,-00260,00058,
0000000439,2298240859,03695,00000,-00067,00002,02188,-00025,-00184,00049,
0000000440,2298240869,03695,00000,-00075,00015,02163,00026,-00149,00050,
0000000441,2298240879,03695,00000,-00068,00050,02137,00039,-00130,00027,
0000000442,2298240889,03695,00000,-00057,00068,02084,00057,-00089,00000,
0000000443,2298240899,03695,00000,-00056,00113,02036,00082,-00072,-00023,
0000000444,2298240909,03695,00000,-00078,00119,01991,00070,-00072,-00051,
0000000445,2298240919,03695,00000,-00106,00092,01960,00060,-00096,-00086,
0000000446,2298240929,03695,00000,-00099,00054,01923,00058,-00101,-00111,
0000000447,2298240939,03695,00000,-00094,00042,01909,00039,-00116,-00122,
0000000448,2298240949,03695,00000,-00069,00021,01943,00001,-00151,-00135,
0000000449,2298240959,03695,00000,-00016,-00018,01980,-00060,-00160,-00130,
0000000450,2298240969,03695,00000,-00001,-00039,02015,-00099,-00149,-00100,
0000000451,2298240979,03695,00000,00009,-00052,01987,-00143,-00113,-00105,
0000000452,2298240989,03695,00000,00020,-00041,01914,-00132,-00058,-00104,
0000000453,2298240999,03695,00000,-00002,-00050,01940,-00071,-00085,-00089,
0000000454,2298241009,03695,00000,00015,-00110,01972,-00049,-00104,-00089,
0000000455,2298241019,03695,00000,00004,-00083,01962,-00019,-00069,-00074,
0000000456,2298241029,03695,00000,-00021,-00054,01925,00012,-00030,-00071,
0000000457,2298241039,03695,00000,-00051,-00059,01913,00045,-00016,-00077,
0000000458,2298241049,03695,00000,-00046,-00060,01856,00034,00012,-00098,
0000000459,2298241059,03695,00000,-00043,-00047,01805,00025,00022,-00105,
0000000460,2298241069,03695,00000,-00038,-00051,01824,-00002,-00039,-00103,
0000000461,2298241079,03695,00000,-00020,-00045,01878,-00049,-00091,-00097,
0000000462,2298241089,03695,00000,-00016,-00024,01916,-00038,-00100,-00089,
0000000463,2298241099,03695,00000,-00044,-00018,01938,-00009,-00074,-00101,
0000000464,2298241109,03695,00000,-00058,-00027,01887,-00019,-00036,-00128,
0000000465,2298241119,03695,00000,-00066,-00033,01832,00019,-00007,-00143,
0000000466,2298241129,03695,00000,-00087,-00050,01831,00082,-00041,-00145,
0000000467,2298241139,03695,00000,-00051,-00116,01786,00089,-00059,-00169,
0000000468,2298241149,03695,00000,-00040,-00128,01813,00106,-00117,-00152,
0000000469,2298241159,03695,00000,-00058,-00087,01890,00128,-00192,-00130,
0000000470,2298241169,03695,00000,-00073,-00089,01942,00104,-00194,-00137,
0000000471,2298241179,03695,00000,-00064,-00101,02004,00053,-00201,-00132,
0000000472,2298241189,03695,00000,-00061,-00073,01984,-00005,-00143,-00124,
0000000473,2298241199,03695,00000,-00041,-00048,01945,-00035,-00081,-00148,
0000000474,2298241208,03695,00000,00022,-00080,01927,-00058,-00070,-00184,
0000000475,2298241219,03695,00000,00063,-00125,01947,00013,-00051,-00156,
0000000476,2298241229,03695,00000,00029,-00131,02045,00118,-00058,-00092,
0000000477,2298241239,03695,00000,00012,-00107,02098,00109,-00013,-00077,
0000000478,2298241248,03695,00000,-00019,-00086,02020,00111,00121,-00080,
0000000479,2298241259,03695,00000,-00056,-00063,01927,00234,00234,-00048,
0000000480,2298241269,03695,00000,-00123,-00077,01886,00320,00260,-00044,
0000000481,2298241279,03695,00000,-00119,-00069,01845,00269,00242,-00081,
0000000482,2298241289,03695,00000,-00105,-00078,01769,00187,00228,-00109,
0000000483,2298241299,03695,00000,-00062,-00067,01763,00159,00147,-00091,
0000000484,2298241309,03695,00000,-00104,-00041,01918,00151,-00007,-00054,
0000000485,2298241319,03695,00000,-00101,-00021,02031,00098,-00070,-00062,
0000000486,2298241329,03695,00000,-00096,00030,02013,00083,00026,-00063,
0000000487,2298241339,03695,00000,-00126,00070,02055,00130,00025,-00050,
0000000488,2298241349,03695,00000,-00151,00072,02087,00120,00028,-00071,
0000000489,2298241359,03695,00000,-00118,00078,01986,00089,00110,-00109,
0000000490,2298241369,03695,00000,-00129,00091,01963,00162,00112,-00087,
0000000491,2298241379,03695,00000,-00135,00056,01983,00203,00050,-00090,
0000000492,2298241389,03695,00000,-00120,00015,01985,00168,00022,-00120,
0000000493,2298241399,03695,00000,-00138,00006,01978,00161,-00006,-00112,
0000000494,2298241409,03695,00000,-00158,00037,02010,00208,-00036,-00091,
0000000495,2298241418,03695,00000,-00173,00087,02080,00173,-00069,-00085,
0000000496,2298241429,03695,00000,-00186,00193,02099,00058,-00066,-00078,
0000000497,2298241439,03695,00000,-00140,00249,02045,-00028,-00023,-00085,
0000000498,2298241449,03695,00000,-00073,00205,02019,-00066,00001,-00075,
0000000499,2298241458,03695,00000,-00023,00085,02043,-00084,-00045,-00039,
0000000500,2298241469,03695,00000,-00005,-00029,01975,-00091,-00009,00034,
0000000501,2298241479,03695,00000,-00070,-00018,01873,00028,00078,00149,
0000000502,2298241489,03695,00000,-00173,00010,01797,00192,00089,00190,
0000000503,2298241498,03695,00000,-00187,-00042,01764,00266,00031,00140,
0000000504,2298241509,03695,00000,-00180,-00142,01795,00347,-00053,00117,
0000000505,2298241519,03695,00000,-00210,-00097,01882,00366,-00147,00084,
0000000506,2298241529,03695,00000,-00191,00029,01899,00210,-00195,00005,
0000000507,2298241539,03695,00000,-00149,00112,01913,00113,-00227,-00037,
0000000508,2298241549,03695,00000,-00138,00079,01982,00163,-00277,-00018,
0000000509,2298241559,03695,00000,-00155,00071,02043,00155,-00297,-00017,
0000000510,2298241569,03695,00000,-00141,00071,01978,00075,-00254,-00028,
0000000511,2298241579,03695,00000,-00133,00086,01939,00103,-00265,00012,
0000000512,2298241588,03695,00000,-00175,00126,02003,00157,-00346,00047,
0000000513,2298241599,03695,00000,-00168,00149,02025,00100,-00402,-00001,
0000000514,2298241609,03695,00000,-00155,00202,02011,00092,-00390,-00052,
0000000515,2298241619,03695,00000,-00130,00200,02068,00215,-00414,-00085,
0000000516,2298241628,03695,00000,-00060,00174,02170,00265,-00401,-00143,
0000000517,2298241639,03695,00000,00008,00087,02135,00213,-00329,-00163,
0000000518,2298241649,03695,00000,-00005,00081,02107,00246,-00255,-00104,
0000000519,2298241659,03695,00000,-00029,00118,02095,00246,-00255,-00083,
0000000520,2298241668,03695,00000,-00085,00107,02069,00217,-00236,-00108,
0000000521,2298241679,03695,00000,-00082,00078,02008,00221,-00207,-00134,
0000000522,2298241689,03695,00000,-00118,00061,02050,00303,-00206,-00123,
0000000523,2298241699,03695,00000,-00073,00028,02091,00267,-00217,-00156,
0000000524,2298241708,03695,00000,-00005,00031,02009,00142,-00139,-00152,
0000000525,2298241719,03695,00000,00005,00049,02080,00143,-00209,-00072,
0000000526,2298241729,03695,00000,-00016,00085,02214,00188,-00223,-00011,
0000000527,2298241739,03695,00000,-00078,00136,02353,00186,-00181,00019,
0000000528,2298241748,03695,00000,-00141,00139,02358,00214,-00022,00008,
0000000529,2298241759,03695,00000,-00211,00174,02239,00365,00220,-00040,
0000000530,2298241769,03695,00000,-00266,00173,02110,00495,00383,-00155,
0000000531,2298241779,03695,00000,-00183,00045,01926,00535,00474,-00280,
0000000532,2298241789,03695,00000,-00122,-00087,01894,00687,00459,-00260,
0000000533,2298241798,03695,00000,-00098,-00079,02009,00676,00330,-00226,
0000000534,2298241809,03695,00000,-00033,-00029,02042,00368,00275,-00231,
0000000535,2298241819,03695,00000,-00033,00060,02042,00158,00234,-00144,
0000000536,2298241829,03695,00000,-00083,00209,02139,00205,00211,-00018,
0000000537,2298241838,03695,00000,-00152,00276,02250,00267,00217,00026,
0000000538,2298241849,03695,00000,-00184,00258,02137,00318,00386,00030,
0000000539,2298241859,03695,00000,-00255,00265,01976,00548,00564,00090,
0000000540,2298241869,03695,00000,-00361,00288,01912,00738,00550,00114,
0000000541,2298241878,03695,00000,-00386,00287,01727,00694,00547,-00002,
0000000542,2298241889,03695,00000,-00344,00268,01646,00639,00419,-00082,
0000000543,2298241899,03695,00000,-00337,00293,01809,00630,00136,-00062,
0000000544,2298241909,03695,00000,-00295,00263,01957,00424,-00060,-00067,
0000000545,2298241918,03695,00000,-00230,00285,01971,00153,-00123,-00068,
0000000546,2298241929,03695,00000,-00224,00256,02046,00088,-00221,-00021,
0000000547,2298241939,03695,00000,-00234,00191,02104,00101,-00261,-00018,
0000000548,2298241949,03695,00000,-00223,00167,01969,00029,-00178,-00026,
0000000549,2298241958,03695,00000,-00191,00056,01783,00210,-00129,00065,
0000000550,2298241968,03695,00000,-00257,00226,01861,00631,-00187,00214,
0000000551,2298241979,03695,00000,-00276,00430,02012,00840,-00284,00235,
0000000552,2298241989,03695,00000,-00297,00518,01920,00896,-00195,00192,
0000000553,2298241998,03695,00000,-00304,00481,01915,00973,-00177,00201,
0000000554,2298242008,03695,00000,-00278,00351,01939,00784,-00338,00221,
0000000555,2298242019,03695,00000,-00192,00173,01756,00461,-00364,00253,
0000000556,2298242029,03695,00000,-00151,00265,01896,00223,-00619,00361,
0000000557,2298242039,03695,00000,-00068,00224,02181,00083,-00944,00456,
0000000558,2298242048,03695,00000,-00033,00148,02272,00046,-00909,00562,
0000000559,2298242059,03695,00000,-00016,00152,02324,-00062,-00880,00634,
0000000560,2298242069,03695,00000,-00023,00355,02409,-00100,-00863,00632,
0000000561,2298242079,03695,00000,-00095,00710,02593,-00117,-00796,00513,
0000000562,2298242088,03695,00000,-00122,00865,02558,-00118,-00621,00245,
0000000563,2298242099,03695,00000,-00066,00445,02186,00189,-00210,00067,
0000000564,2298242109,03695,00000,-00109,00314,02122,00405,-00159,00087,
0000000565,2298242119,03695,00000,-00110,00444,02188,00184,-00370,00079,
0000000566,2298242128,03695,00000,-00055,00286,01980,00050,-00309,00102,
0000000567,2298242138,03695,00000,-00065,00190,01992,00051,-00425,00283,
0000000568,2298242149,03695,00000,-00057,00214,02153,-00104,-00694,00395,
0000000569,2298242159,03695,00000,-00048,00331,02183,-00298,-00701,00401,
0000000570,2298242168,03695,00000,-00004,00457,02417,-00358,-00780,00364,
0000000571,2298242178,03695,00000,00023,00477,02731,-00177,-00731,00303,
0000000572,2298242189,03695,00000,00073,00412,02622,-00050,-00336,00201,
0000000573,2298242199,03695,00000,00140,00168,02192,00134,00114,00235,
0000000574,2298242208,03695,00000,00084,00159,02103,00317,00129,00409,
0000000575,2298242218,03695,00000,-00012,00309,02091,00163,-00025,00436,
0000000576,2298242229,03695,00000,-00029,00411,01950,-00083,-00014,00329,
0000000577,2298242239,03695,00000,-00007,00401,02023,-00125,-00155,00333,
0000000578,2298242248,03695,00000,-00104,00644,02324,-00105,-00318,00401,
0000000579,2298242258,03695,00000,-00054,00513,02343,-00018,-00147,00397,
0000000580,2298242269,03695,00000,-00055,00446,02148,00072,00162,00400,
0000000581,2298242279,03695,00000,-00114,00462,02063,00087,00188,00374,
0000000582,2298242289,03695,00000,-00114,00500,01943,00043,00203,00185,
0000000583,2298242298,03695,00000,-00057,00380,01827,-00031,00183,00017,
0000000584,2298242309,03695,00000,00003,00226,01905,-00107,-00022,-00015,
0000000585,2298242319,03695,00000,-00035,00358,02053,-00234,-00168,-00031,
0000000586,2298242329,03695,00000,-00068,00590,02261,-00393,-00248,-00097,
0000000587,2298242338,03695,00000,-00098,00617,02277,-00480,-00176,-00155,
0000000588,2298242348,03695,00000,-00020,00555,02190,-00396,-00026,-00161,
0000000589,2298242359,03695,00000,-00051,00533,02076,-00141,00044,-00034,
0000000590,2298242369,03695,00000,-00015,00593,01998,00100,00033,00053,
0000000591,2298242378,03695,00000,-00107,00730,03582,00450,-00953,00064,
0000000592,2298242388,03695,00000,00366,-00327,03512,00264,-00787,00008,
0000000593,2298242399,03695,00000,00228,-00202,01789,-00427,01084,00109,
0000000594,2298242409,03695,00000,-00108,00404,01460,-00693,00542,00286,
0000000595,2298242418,03695,00000,-00177,00489,01676,-00362,-00044,00272,
0000000596,2298242428,03695,00000,-00105,00290,01599,-00220,00114,00089,
0000000597,2298242439,03695,00000,-00084,00276,01466,-00225,00036,-00026,
0000000598,2298242449,03695,00000,-00092,00373,01319,-00409,-00071,-00115,
0000000599,2298242458,03695,00000,-00111,00526,01680,-00411,-00510,-00174,
0000000600,2298242468,03695,00000,-00095,00539,02151,-00090,-00742,-00155,
0000000601,2298242479,03695,00000,-00005,00402,02393,00223,-00589,-00165,
0000000602,2298242489,03695,00000,00041,00305,02410,00299,-00430,-00145,
0000000603,2298242498,03695,00000,-00001,00368,02203,00246,-00220,-00084,
0000000604,2298242508,03695,00000,-00053,00429,02057,00259,-00175,-00032,
0000000605,2298242518,03695,00000,00020,00318,01908,00321,-00181,00024,
0000000606,2298242529,03695,00000,-00005,00316,01899,00380,-00258,00156,
0000000607,2298242539,03695,00000,-00061,00376,01930,00222,-00396,00154,
0000000608,2298242548,03695,00000,-00055,00456,01969,00006,-00474,00018,
0000000609,2298242558,03695,00000,00029,00360,02012,00024,-00505,-00065,
0000000610,2298242569,03695,00000,00049,00401,02193,00213,-00498,-00040,
0000000611,2298242579,03695,00000,00049,00408,02477,00357,-00532,00008,
0000000612,2298242588,03695,00000,00128,00277,02398,00388,-00279,00004,
0000000613,2298242598,03695,00000,00096,00275,02169,00360,-00027,00045,
0000000614,2298242609,03695,00000,00039,00316,02035,00293,-00009,00048,
0000000615,2298242619,03695,00000,00038,00351,01929,00168,-00012,-00027,
0000000616,2298242628,03695,00000,00096,00286,01871,00113,-00059,-00051,
0000000617,2298242638,03695,00000,00077,00333,01883,00100,-00145,00014,
0000000618,2298242649,03695,00000,00026,00421,02017,00095,-00244,00067,
0000000619,2298242659,03695,00000,00010,00489,02147,00053,-00305,00051,
0000000620,2298242668,03695,00000,00040,00457,02150,00034,-00240,00029,
0000000621,2298242678,03695,00000,00036,00439,02109,00045,-00163,00042,
0000000622,2298242688,03695,00000,00047,00445,02066,-00005,-00157,00038,
0000000623,2298242699,03695,00000,00091,00364,01963,-00067,-00108,00017,
0000000624,2298242708,03695,00000,00070,00413,01890,-00043,-00135,00037,
0000000625,2298242718,03695,00000,00056,00445,01856,-00032,-00181,00033,
0000000626,2298242728,03695,00000,00072,00400,01889,-00066,-00248,-00024,
0000000627,2298242739,03695,00000,00100,00393,01953,-00135,-00311,-00092,
0000000628,2298242748,03695,00000,00100,00442,02103,-00135,-00353,-00119,
0000000629,2298242758,03695,00000,00121,00418,02230,-00140,-00347,-00156,
0000000630,2298242768,03695,00000,00165,00402,02191,-00179,-00208,-00203,
0000000631,2298242779,03695,00000,00187,00359,02149,-00115,-00142,-00177,
0000000632,2298242789,03695,00000,00210,00290,02046,-00035,-00045,-00141,
0000000633,2298242798,03695,00000,00302,00222,01847,-00037,00007,-00130,
0000000634,2298242808,03695,00000,00292,00258,01872,-00065,-00119,-00074,
0000000635,2298242819,03695,00000,00271,00265,02019,-00016,-00270,00014,
0000000636,2298242829,03695,00000,00265,00316,02018,-00034,-00186,00032,
0000000637,2298242838,03695,00000,00279,00298,02044,-00030,-00189,00052,
0000000638,2298242848,03695,00000,00281,00321,02076,00015,-00173,00096,
0000000639,2298242859,03695,00000,00267,00343,02115,00030,-00155,00125,
0000000640,2298242869,03695,00000,00266,00337,02134,00001,-00144,00122,
0000000641,2298242878,03695,00000,00270,00309,02059,-00037,-00072,00111,
0000000642,2298242888,03695,00000,00254,00342,01976,-00048,-00050,00119,
0000000643,2298242898,03695,00000,00234,00365,01980,-00047,-00090,00117,
0000000644,2298242909,03695,00000,00256,00324,02010,-00052,-00129,00096,
0000000645,2298242918,03695,00000,00277,00281,01973,-00022,-00082,00114,
0000000646,2298242928,03695,00000,00278,00312,02044,00005,-00119,00163,
0000000647,2298242938,03695,00000,00270,00302,02062,00000,-00104,00180,
0000000648,2298242949,03695,00000,00296,00251,01969,-00057,-00011,00161,
0000000649,2298242958,03695,00000,00256,00300,01959,-00050,-00037,00203,
0000000650,2298242968,03695,00000,00221,00309,02005,-00012,-00088,00232,
0000000651,2298242978,03695,00000,00225,00292,01971,-00030,-00059,00205,
0000000652,2298242989,03695,00000,00213,00336,01953,-00044,-00058,00188,
0000000653,2298242998,03695,00000,00192,00370,02048,00012,-00113,00213,
0000000654,2298243008,03695,00000,00205,00352,02114,00036,-00106,00217,
0000000655,2298243018,03695,00000,00217,00343,02043,00007,00001,00210,
0000000656,2298243029,03695,00000,00195,00359,02037,-00012,-00005,00232,
0000000657,2298243039,03695,00000,00176,00360,02027,-00048,-00022,00233,
0000000658,2298243048,03695,00000,00188,00297,01934,-00159,00012,00184,
0000000659,2298243058,03695,00000,00193,00292,01914,-00208,-00044,00169,
0000000660,2298243068,03695,00000,00189,00297,01991,-00185,-00131,00189,
0000000661,2298243079,03695,00000,00193,00297,02031,-00159,-00123,00193,
0000000662,2298243088,03695,00000,00207,00299,02044,-00131,-00087,00196,
0000000663,2298243098,03695,00000,00170,00330,02091,-00057,-00084,00240,
0000000664,2298243108,03695,00000,00158,00313,02138,-00050,-00069,00249,
0000000665,2298243119,03695,00000,00145,00326,02077,-00062,00034,00238,
0000000666,2298243128,03695,00000,00122,00379,02029,-00050,00063,00232,
0000000667,2298243138,03695,00000,00077,00444,02020,-00066,00048,00191,
0000000668,2298243148,03695,00000,00071,00451,02036,-00096,00019,00109,
0000000669,2298243159,03695,00000,00087,00429,02029,-00121,00032,00026,
0000000670,2298243168,03695,00000,00105,00379,02023,-00133,00039,-00029,
0000000671,2298243178,03695,00000,00117,00310,02024,-00182,00019,-00065,
0000000672,2298243188,03695,00000,00099,00255,02032,-00251,00009,-00084,
0000000673,2298243199,03695,00000,00090,00208,02074,-00272,-00024,-00077,
0000000674,2298243208,03695,00000,00095,00190,02046,-00262,00011,-00043,
0000000675,2298243218,03695,00000,00062,00249,02005,-00176,00063,00040,
0000000676,2298243228,03695,00000,00023,00247,02139,-00047,00004,00117,
0000000677,2298243238,03695,00000,-00048,00337,02266,00031,00033,00124,
0000000678,2298243248,03695,00000,-00063,00379,02264,00064,00157,00068,
0000000679,2298243258,03695,00000,-00039,00337,02139,00137,00320,00025,
0000000680,2298243268,03695,00000,-00008,00301,02117,00168,00314,00019,
0000000681,2298243278,03695,00000,00011,00271,02154,00182,00245,00058,
0000000682,2298243289,03695,00000,00030,00273,02093,00066,00252,00067,
0000000683,2298243298,03695,00000,00043,00273,01983,-00058,00237,00088,
0000000684,2298243308,03695,00000,00053,00278,01912,-00120,00173,00131,
0000000685,2298243318,03695,00000,00024,00324,01888,-00165,00098,00169,
0000000686,2298243329,03695,00000,00001,00353,01963,-00140,00003,00189,
0000000687,2298243338,03695,00000,00019,00320,01976,-00103,00026,00171,
0000000688,2298243348,03695,00000,00031,00308,01924,-00059,00097,00152,
0000000689,2298243358,03695,00000,00024,00308,01902,00028,00108,00173,
0000000690,2298243369,03695,00000,00032,00255,01916,00105,00100,00207,
0000000691,2298243378,03695,00000,00011,00291,01970,00093,00050,00227,
0000000692,2298243388,03695,00000,-00036,00327,01993,00078,00018,00232,
0000000693,2298243398,03695,00000,-00051,00303,01960,00084,00053,00214,
0000000694,2298243409,03695,00000,-00060,00289,01942,00115,00027,00227,
0000000695,2298243418,03695,00000,-00113,00337,01957,00087,-00024,00233,
0000000696,2298243428,03695,00000,-00133,00388,02012,00046,-00110,00200,
0000000697,2298243438,03695,00000,-00098,00340,01997,00039,-00120,00156,
0000000698,2298243448,03695,00000,-00049,00275,01970,00028,-00141,00154,
0000000699,2298243458,03695,00000,-00031,00257,02058,00018,-00246,00197,
0000000700,2298243468,03695,00000,-00034,00294,02143,-00009,-00287,00229,
0000000701,2298243478,03695,00000,-00026,00313,02152,-00024,-00241,00226,
0000000702,2298243488,03695,00000,-00011,00293,02111,00000,-00154,00223,
0000000703,2298243498,03695,00000,-00003,00265,02101,00025,-00148,00240,
0000000704,2298243508,03695,00000,00003,00256,02039,00052,-00095,00261,
0000000705,2298243518,03695,00000,-00026,00304,02011,00083,-00084,00276,
0000000706,2298243528,03695,00000,-00042,00330,02049,00130,-00116,00273,
0000000707,2298243539,03695,00000,-00027,00329,02040,00112,-00085,00228,
0000000708,2298243548,03695,00000,-00017,00335,02003,00048,-00068,00179,
0000000709,2298243558,03695,00000,00005,00302,02008,00006,-00112,00152,
0000000710,2298243568,03695,00000,00027,00289,01987,-00018,-00123,00152,
0000000711,2298243579,03695,00000,00010,00358,02039,-00012,-00182,00192,
0000000712,2298243588,03695,00000,00020,00324,02039,00045,-00171,00218,
0000000713,2298243598,03695,00000,00030,00279,01986,00043,-00115,00215,
0000000714,2298243608,03695,00000,00017,00297,02020,-00007,-00157,00192,
0000000715,2298243618,03695,00000,00024,00256,02095,00018,-00174,00176,
0000000716,2298243628,03695,00000,00012,00261,02060,00030,-00066,00149,
0000000717,2298243638,03695,00000,-00010,00292,02023,00046,-00016,00130,
0000000718,2298243648,03695,00000,-00008,00267,02038,00121,00009,00123,
0000000719,2298243658,03695,00000,00008,00218,02000,00133,00057,00114,
0000000720,2298243668,03695,00000,-00013,00265,01928,00075,00069,00116,
0000000721,2298243678,03695,00000,-00048,00295,01956,00079,-00003,00125,
0000000722,2298243688,03695,00000,-00052,00292,01972,00068,-00047,00112,
0000000723,2298243698,03695,00000,-00035,00235,01945,00058,-00044,00105,
0000000724,2298243708,03695,00000,-00023,00186,01942,00024,-00091,00127,
0000000725,2298243718,03695,00000,-00036,00198,01938,00001,-00151,00177,
0000000726,2298243728,03695,00000,-00070,00263,01942,-00021,-00187,00215,
0000000727,2298243738,03695,00000,-00100,00313,02004,-00006,-00261,00230,
0000000728,2298243748,03695,00000,-00107,00310,01999,00060,-00226,00219,
0000000729,2298243758,03695,00000,-00176,00418,02016,00102,-00191,00188,
0000000730,2298243768,03695,00000,-00219,00497,02095,00138,-00213,00110,
0000000731,2298243778,03695,00000,-00166,00357,02032,00176,-00099,00018,
0000000732,2298243789,03695,00000,-00112,00225,01795,00129,00030,-00027,
0000000733,2298243798,03695,00000,-00050,00151,01672,00051,-00083,-00002,
0000000734,2298243808,03695,00000,-00065,00182,01781,-00022,-00348,00103,
0000000735,2298243818,03695,00000,-00136,00362,02002,-00117,-00594,00195,
0000000736,2298243828,03695,00000,-00177,00494,02123,-00156,-00631,00220,
0000000737,2298243838,03695,00000,-00278,00641,02298,-00131,-00620,00206,
0000000738,2298243848,03695,00000,-00352,00766,02549,-00044,-00601,00139,
0000000739,2298243858,03695,00000,-00367,00788,02629,00208,-00310,00041,
0000000740,2298243868,03695,00000,-00372,00720,02467,00377,00152,-00089,
0000000741,2298243878,03695,00000,-00305,00524,02256,00446,00392,-00191,
0000000742,2298243888,03695,00000,-00238,00326,02032,00421,00518,-00216,
0000000743,2298243898,03695,00000,-00221,00311,01868,00270,00447,-00184,
0000000744,2298243908,03695,00000,-00200,00269,01694,00127,00329,-00160,
0000000745,2298243918,03695,00000,-00191,00224,01671,00054,00120,-00124,
0000000746,2298243928,03695,00000,-00200,00283,01790,-00049,-00124,-00085,
0000000747,2298243938,03695,00000,-00248,00389,01890,-00090,-00235,-00059,
0000000748,2298243948,03695,00000,-00238,00358,01938,-00035,-00211,-00078,
0000000749,2298243958,03695,00000,-00218,00293,01979,00009,-00188,-00095,
0000000750,2298243968,03695,00000,-00203,00256,02032,00008,-00195,-00083,
0000000751,2298243978,03695,00000,-00188,00234,02047,-00008,-00180,-00057,
0000000752,2298243988,03695,00000,-00149,00198,02041,-00041,-00158,-00025,
0000000753,2298243998,03695,00000,-00173,00277,02104,-00071,-00192,00026,
0000000754,2298244008,03695,00000,-00178,00343,02132,-00103,-00195,00032,
0000000755,2298244018,03695,00000,-00177,00387,02103,-00104,-00134,00007,
0000000756,2298244028,03695,00000,-00179,00426,02095,-00072,-00102,-00017,
0000000757,2298244039,03695,00000,-00151,00411,02039,-00054,-00071,-00060,
0000000758,2298244048,03695,00000,-00090,00322,01940,-00060,-00031,-00110,
0000000759,2298244058,03695,00000,-00060,00290,01909,-00105,-00092,-00120,
0000000760,2298244068,03695,00000,-00035,00283,01928,-00110,-00169,-00109,
0000000761,2298244079,03695,00000,-00019,00287,01954,-00097,-00200,-00089,
0000000762,2298244088,03695,00000,00004,00299,01984,-00107,-00235,-00077,
0000000763,2298244098,03695,00000,00024,00317,02028,-00114,-00259,-00070,
0000000764,2298244108,03695,00000,00041,00317,02070,-00114,-00251,-00074,
0000000765,2298244118,03695,00000,00035,00332,02086,-00087,-00230,-00069,
0000000766,2298244128,03695,00000,00057,00321,02061,-00086,-00171,-00080,
0000000767,2298244138,03695,00000,00048,00350,02052,-00083,-00157,-00088,
0000000768,2298244148,03695,00000,00056,00312,02050,-00013,-00145,-00080,
0000000769,2298244158,03695,00000,00063,00275,02027,00046,-00099,-00062,
0000000770,2298244168,03695,00000,00049,00302,02016,00037,-00108,-00052,
0000000771,2298244178,03695,00000,00046,00291,02025,00029,-00130,-00061,
0000000772,2298244188,03695,00000,00055,00265,02024,00033,-00136,-00061,
0000000773,2298244198,03695,00000,00051,00258,02014,00030,-00130,-00048,
0000000774,2298244208,03695,00000,00045,00281,01984,00017,-00126,-00035,
0000000775,2298244218,03695,00000,00011,00362,02039,00026,-00172,-00019,
0000000776,2298244228,03695,00000,-00006,00363,02104,00047,-00199,-00031,
0000000777,2298244238,03695,00000,00017,00307,02020,00015,-00105,-00069,
0000000778,2298244248,03695,00000,00011,00304,01990,00006,-00106,-00070,
0000000779,2298244258,03695,00000,-00002,00303,01996,00013,-00147,-00058,
0000000780,2298244268,03695,00000,-00005,00293,01972,00008,-00146,-00059,
0000000781,2298244278,03695,00000,-00004,00278,01960,-00008,-00157,-00061,
0000000782,2298244289,03695,00000,-00018,00297,01962,-00031,-00189,-00059,
0000000783,2298244298,03695,00000,-00011,00303,01956,-00060,-00212,-00065,
0000000784,2298244308,03695,00000,-00036,00349,01993,-00052,-00244,-00055,
0000000785,2298244318,03695,00000,-00021,00308,02033,-00030,-00276,-00066,
0000000786,2298244328,03695,00000,-00004,00314,02008,-00063,-00237,-00089,
0000000787,2298244338,03695,00000,-00012,00348,02022,-00053,-00260,-00074,
0000000788,2298244348,03695,00000,00007,00303,02023,-00028,-00256,-00081,
0000000789,2298244358,03695,00000,00041,00249,01976,-00060,-00244,-00101,
0000000790,2298244368,03695,00000,00064,00218,01998,-00083,-00284,-00096,
0000000791,2298244378,03695,00000,00094,00205,02030,-00086,-00322,-00064,
0000000792,2298244388,03695,00000,00095,00184,02019,-00086,-00287,-00027,
0000000793,2298244398,03695,00000,00092,00208,02001,-00136,-00298,-00005,
0000000794,2298244408,03695,00000,00085,00183,02006,-00119,-00314,00033,
0000000795,2298244418,03695,00000,00112,00105,01918,-00125,-00266,00076,
0000000796,2298244428,03695,00000,00041,00263,01878,-00118,-00294,00164,
0000000797,2298244438,03695,00000,-00021,00359,01932,-00086,-00390,00207,
0000000798,2298244448,03695,00000,-00009,00369,01866,-00124,-00372,00146,
0000000799,2298244458,03695,00000,00005,00382,01942,-00166,-00512,00096,
0000000800,2298244468,03695,00000,-00004,00442,02064,-00242,-00632,00034,
0000000801,2298244478,03695,00000,00045,00391,02108,-00386,-00661,-00090,
0000000802,2298244488,03695,00000,00099,00318,02135,-00427,-00671,-00168,
0000000803,2298244498,03695,00000,00169,00206,02093,-00341,-00586,-00165,
0000000804,2298244508,03695,00000,00202,00151,02044,-00306,-00526,-00139,
0000000805,2298244518,03695,00000,00201,00171,02052,-00301,-00531,-00111,
0000000806,2298244528,03695,00000,00207,00162,02032,-00275,-00498,-00091,
0000000807,2298244538,03695,00000,00156,00271,02088,-00271,-00497,-00070,
0000000808,2298244548,03695,00000,00171,00256,02182,-00218,-00507,-00069,
0000000809,2298244558,03695,00000,00219,00179,02092,-00190,-00381,-00089,
0000000810,2298244568,03695,00000,00272,00114,01994,-00207,-00342,-00087,
0000000811,2298244578,03695,00000,00286,00105,02023,-00190,-00436,-00041,
0000000812,2298244588,03695,00000,00285,00118,02002,-00201,-00449,-00009,
0000000813,2298244598,03695,00000,00302,00097,01952,-00254,-00449,00001,
0000000814,2298244608,03695,00000,00322,00041,01954,-00252,-00505,00049,
0000000815,2298244618,03695,00000,-00089,00056,02490,-00412,-00190,00085,
0000000816,2298244628,03695,00000,00089,00351,02206,-00790,00917,-00122,
0000000817,2298244638,03695,00000,00110,00219,02108,-00586,00656,-00103,
0000000818,2298244648,03695,00000,00118,00209,02064,-00317,00386,-00046,
0000000819,2298244658,03695,00000,00141,00133,02052,-00216,00260,-00047,
0000000820,2298244668,03695,00000,00150,00119,02058,-00172,00213,-00061,
0000000821,2298244678,03695,00000,00148,00104,02050,-00141,00161,-00066,
0000000822,2298244688,03695,00000,00156,00061,02048,-00132,00141,-00078,
0000000823,2298244698,03695,00000,00157,00084,02054,-00137,00133,-00066,
0000000824,2298244707,03695,00000,00122,00177,02028,-00151,00101,-00046,
0000000825,2298244718,03695,00000,00072,00139,02023,-00168,00146,-00092,
0000000826,2298244728,03695,00000,00078,00151,02055,-00128,00234,-00183,
0000000827,2298244738,03695,00000,00108,00079,02117,-00035,00191,-00281,
0000000828,2298244748,03695,00000,00117,00111,02051,00013,00001,-00309,
0000000829,2298244758,03695,00000,00124,00042,02043,00007,-00067,-00355,
0000000830,2298244768,03695,00000,00111,00094,02049,00023,-00019,-00336,
0000000831,2298244778,03695,00000,00101,00104,02053,-00001,00026,-00306,
0000000832,2298244788,03695,00000,00087,00094,02041,-00010,00022,-00268,
0000000833,2298244798,03695,00000,00087,00094,02040,00009,-00022,-00230,
0000000834,2298244808,03695,00000,00065,00079,02049,00003,-00061,-00222,
0000000835,2298244818,03695,00000,00063,00101,02057,-00036,-00027,-00247,
0000000836,2298244828,03695,00000,00079,00099,02046,-00049,-00037,-00278,
0000000837,2298244838,03695,00000,00081,00086,02050,-00048,-00078,-00278,
0000000838,2298244848,03695,00000,00082,00086,02042,-00032,-00151,-00255,
0000000839,2298244858,03695,00000,00078,00080,02048,-00014,-00179,-00224,
0000000840,2298244868,03695,00000,00075,00025,02056,00005,-00118,-00196,
0000000841,2298244877,03695,00000,00357,-00323,02180,00157,00311,-00186,
0000000842,2298244888,03695,00000,-00035,00111,01943,-00051,01081,00069,
0000000843,2298244898,03695,00000,00048,00321,02072,00078,00276,00144,
0000000844,2298244908,03695,00000,-00007,00246,02033,00047,00288,-00074,
0000000845,2298244917,03695,00000,00026,00117,02062,00001,00080,-00193,
0000000846,2298244928,03695,00000,00018,00142,02030,-00054,00058,-00240,
0000000847,2298244938,03695,00000,00078,00149,02055,-00026,-00049,-00182,
0000000848,2298244948,03695,00000,-00308,00186,01998,-00351,-00430,-00095,
0000000849,2298244957,03695,00000,-00228,00216,02076,-00889,-02391,-00541,
0000000850,2298244968,03695,00000,00364,-00175,01481,-01574,-02719,-00855,
0000000851,2298244978,03695,00000,00551,-00155,01537,-00048,-00195,-00625,
0000000852,2298244988,03695,00000,00005,00132,02295,01026,01422,-00003,
0000000853,2298244998,03695,00000,-00178,00198,02184,-00065,-00254,00183,
0000000854,2298245008,03695,00000,00393,-00130,01815,-00365,-00704,-00223,
0000000855,2298245018,03695,00000,-00070,00132,02118,00148,00178,00029,
0000000856,2298245028,03695,00000,00121,00028,02059,-00039,-00177,00134,
0000000857,2298245038,03695,00000,00142,00027,02043,00036,-00133,00091,
0000000858,2298245047,03695,00000,00115,00037,02036,00018,-00101,-00031,
0000000859,2298245058,03695,00000,00106,00065,02062,00025,-00115,-00040,
0000000860,2298245068,03695,00000,00108,00040,02038,00008,-00113,-00040,
0000000861,2298245078,03695,00000,00130,00047,02041,00018,-00123,-00039,
0000000862,2298245087,03695,00000,00116,00035,02039,00011,-00112,-00039,
0000000863,2298245098,03695,00000,00124,00043,02043,00019,-00117,-00040,
0000000864,2298245108,03695,00000,00117,00046,02050,00011,-00112,-00041,
0000000865,2298245118,03695,00000,00122,00043,02046,00017,-00117,-00040,
0000000866,2298245127,03695,00000,00116,00045,02043,00012,-00114,-00039,
0000000867,2298245138,03695,00000,00116,00050,02043,00015,-00115,-00040,
0000000868,2298245148,03695,00000,00112,00046,02045,00013,-00114,-00039,
0000000869,2298245158,03695,00000,00114,00050,02048,00015,-00114,-00040,
0000000870,2298245167,03695,00000,00117,00047,02046,00015,-00114,-00040,
0000000871,2298245178,03695,00000,00117,00045,02051,00014,-00114,-00040,
0000000872,2298245188,03695,00000,00126,00040,02046,00014,-00114,-00040,
0000000873,2298245198,03695,00000,00121,00044,02049,00015,-00115,-00040,
0000000874,2298245207,03695,00000,00120,00048,02042,00015,-00114,-00040,
0000000875,2298245218,03695,00000,00120,00049,02038,00015,-00113,-00040,
0000000876,2298245228,03695,00000,00119,00047,02044,00016,-00114,-00041,
0000000877,2298245238,03695,00000,00115,00043,02043,00014,-00115,-00041,
0000000878,2298245248,03695,00000,00119,00046,02049,00015,-00114,-00041,
0000000879,2298245257,03695,00000,00115,00047,02037,00015,-00114,-00041,
0000000880,2298245268,03695,00000,00118,00042,02046,00016,-00114,-00041,
0000000881,2298245278,03695,00000,00115,00046,02038,00015,-00114,-00040,
0000000882,2298245288,03695,00000,00118,00047,02045,00016,-00115,-00040,
0000000883,2298245297,03695,00000,00118,00044,02045,00016,-00115,-00040,
0000000884,2298245308,03695,00000,00120,00044,02042,00016,-00115,-00039,
0000000885,2298245318,03695,00000,00117,00054,02043,00016,-00114,-00039,
0000000886,2298245328,03695,00000,00121,00048,02048,00014,-00114,-00040,
0000000887,2298245337,03695,00000,00119,00048,02049,00013,-00113,-00040,
0000000888,2298245348,03695,00000,00121,00042,02044,00015,-00113,-00040,
0000000889,2298245358,03695,00000,00115,00042,02046,00015,-00113,-00039,
0000000890,2298245368,03695,00000,00115,00042,02046,00015,-00114,-00039,
0000000891,2298245377,03695,00000,00118,00045,02041,00015,-00114,-00039,
0000000892,2298245388,03695,00000,00120,00043,02044,00016,-00115,-00040,
0000000893,2298245398,03695,00000,00125,00045,02044,00015,-00116,-00040,
0000000894,2298245408,03695,00000,00121,00048,02036,00015,-00114,-00040,
0000000895,2298245417,03695,00000,00109,00044,02012,00012,-00112,-00039,
0000000896,2298245427,03695,00000,00129,00044,02148,00015,-00118,-00040,
0000000897,2298245438,03695,00000,00122,00038,01993,00019,-00109,-00040,
0000000898,2298245448,03695,00000,00125,00050,02040,00016,-00115,-00040,
0000000899,2298245457,03695,00000,00118,00055,02045,00016,-00114,-00041,
0000000900,2298245467,03695,00000,00115,00043,02016,00012,-00112,-00040,
0000000901,2298245478,03695,00000,00121,00048,02091,00017,-00115,-00040,
0000000902,2298245488,03695,00000,00114,00034,02015,00012,-00109,-00039,
0000000903,2298245498,03695,00000,00110,00036,02034,00014,-00113,-00039,
0000000904,2298245507,03695,00000,00119,00047,02085,00015,-00116,-00040,
0000000905,2298245518,03695,00000,00113,00053,02018,00015,-00112,-00039,
0000000906,2298245528,03695,00000,00119,00060,02048,00016,-00115,-00040,
0000000907,2298245538,03695,00000,00123,00041,02052,00013,-00115,-00040,
0000000908,2298245547,03695,00000,00126,00036,02035,00013,-00113,-00040,
0000000909,2298245558,03695,00000,00123,00047,02047,00016,-00115,-00041,
0000000910,2298245568,03695,00000,00115,00042,02037,00014,-00113,-00040,
0000000911,2298245578,03695,00000,00118,00045,02067,00014,-00114,-00040,
0000000912,2298245587,03695,00000,00118,00042,02044,00014,-00113,-00039,
0000000913,2298245597,03695,00000,00113,00037,02026,00014,-00113,-00041,
0000000914,2298245608,03695,00000,00113,00046,02062,00015,-00116,-00040,
0000000915,2298245618,03695,00000,00116,00047,02046,00015,-00114,-00040,
0000000916,2298245627,03695,00000,00118,00048,02036,00014,-00114,-00040,
0000000917,2298245637,03695,00000,00122,00047,02038,00015,-00114,-00040,
0000000918,2298245648,03695,00000,00122,00041,02041,00014,-00114,-00039,
0000000919,2298245658,03695,00000,00123,00044,02062,00014,-00114,-00041,
0000000920,2298245667,03695,00000,00116,00048,02042,00014,-00112,-00042,
0000000921,2298245677,03695,00000,00120,00042,02035,00014,-00113,-00041,
0000000922,2298245688,03695,00000,00114,00047,02059,00014,-00115,-00040,
0000000923,2298245698,03695,00000,00118,00040,02046,00015,-00113,-00038,
0000000924,2298245707,03695,00000,00116,00041,02035,00014,-00113,-00039,
0000000925,2298245717,03695,00000,00120,00041,02045,00015,-00113,-00039,
0000000926,2298245728,03695,00000,00118,00041,02046,00016,-00113,-00041,
0000000927,2298245738,03695,00000,00120,00042,02046,00015,-00114,-00040,
0000000928,2298245748,03695,00000,00118,00042,02039,00014,-00114,-00039,
0000000929,2298245757,03695,00000,00120,00044,02040,00013,-00113,-00040,
0000000930,2298245768,03695,00000,00119,00042,02052,00014,-00115,-00041,
0000000931,2298245778,03695,00000,00118,00042,02042,00015,-00115,-00039,
0000000932,2298245788,03695,00000,00116,00049,02044,00015,-00114,-00038,
0000000933,2298245797,03695,00000,00113,00044,01960,00013,-00112,-00039,
0000000934,2298245807,03695,00000,00126,00045,02143,00014,-00118,-00039,
0000000935,2298245818,03695,00000,00114,00040,02037,00015,-00110,-00041,
0000000936,2298245828,03695,00000,00108,00044,02004,00016,-00111,-00039,
0000000937,2298245837,03695,00000,00127,00044,02052,00015,-00116,-00040,
0000000938,2298245847,03695,00000,00112,00042,02012,00012,-00113,-00040,
0000000939,2298245858,03695,00000,00127,00058,02102,00018,-00116,-00040,
0000000940,2298245868,03695,00000,00120,00049,02038,00013,-00112,-00040,
0000000941,2298245877,03695,00000,00111,00044,02034,00012,-00112,-00040,
0000000942,2298245887,03695,00000,00117,00043,02056,00013,-00116,-00042,
0000000943,2298245898,03695,00000,00120,00046,02047,00013,-00114,-00041,
0000000944,2298245908,03695,00000,00115,00053,02043,00015,-00114,-00040,
0000000945,2298245917,03695,00000,00119,00043,02059,00012,-00114,-00041,
0000000946,2298245927,03695,00000,00120,00034,02043,00012,-00112,-00040,
0000000947,2298245938,03695,00000,00114,00044,02033,00014,-00113,-00040,
0000000948,2298245948,03695,00000,00112,00050,02046,00015,-00114,-00040,
0000000949,2298245957,03695,00000,00122,00040,02064,00014,-00115,-00039,
0000000950,2298245967,03695,00000,00121,00046,02052,00014,-00113,-00039,
0000000951,2298245977,03695,00000,00124,00042,02020,00013,-00113,-00040,
0000000952,2298245988,03695,00000,00123,00039,02054,00014,-00114,-00040,
0000000953,2298245998,03695,00000,00120,00045,02069,00015,-00113,-00040,
0000000954,2298246007,03691,00000,00120,00045,02034,00014,-00112,-00041,
0000000955,2298246017,03691,00000,00113,00046,02032,00014,-00113,-00039,
0000000956,2298246028,03691,00000,00114,00041,02033,00014,-00114,-00040,
0000000957,2298246038,03691,00000,00117,00047,02063,00015,-00114,-00040,
0000000958,2298246047,03691,00000,00119,00046,02055,00014,-00113,-00041,
0000000959,2298246057,03691,00000,00120,00044,02036,00013,-00113,-00040,
0000000960,2298246068,03691,00000,00122,00042,02048,00014,-00114,-00040,
0000000961,2298246078,03691,00000,00119,00042,02057,00014,-00114,-00041,
0000000962,2298246087,03691,00000,00121,00042,02044,00014,-00113,-00040,
0000000963,2298246097,03691,00000,00118,00040,02043,00014,-00114,-00040,
0000000964,2298246108,03691,00000,00117,00044,02054,00014,-00114,-00041,
0000000965,2298246118,03691,00000,00118,00050,02047,00016,-00113,-00039,
0000000966,2298246127,03691,00000,00120,00049,02038,00015,-00114,-00039,
0000000967,2298246137,03691,00000,00119,00047,02053,00014,-00114,-00039,
0000000968,2298246148,03691,00000,00119,00049,02044,00014,-00114,-00038,
0000000969,2298246158,03691,00000,00124,00045,02046,00015,-00115,-00039,
0000000970,2298246167,03691,00000,00119,00046,02043,00015,-00113,-00039,
0000000971,2298246177,03691,00000,00125,00041,02042,00014,-00113,-00040,
0000000972,2298246187,03691,00000,00119,00045,02052,00014,-00115,-00040,
0000000973,2298246198,03691,00000,00120,00042,02050,00014,-00115,-00040,
0000000974,2298246207,03691,00000,00114,00041,02055,00016,-00113,-00039,
0000000975,2298246217,03691,00000,00117,00043,02051,00016,-00114,-00039,
0000000976,2298246227,03691,00000,00116,00045,02043,00016,-00114,-00040,
0000000977,2298246238,03691,00000,00119,00049,02032,00015,-00114,-00040,
0000000978,2298246248,03691,00000,00119,00045,02044,00014,-00113,-00040,
0000000979,2298246257,03691,00000,00121,00047,02051,00014,-00113,-00040,
0000000980,2298246267,03691,00000,00121,00042,02050,00014,-00114,-00040,
0000000981,2298246278,03691,00000,00119,00041,02041,00015,-00113,-00040,
0000000982,2298246288,03691,00000,00113,00042,02038,00014,-00113,-00040,
0000000983,2298246297,03691,00000,00115,00044,02048,00015,-00115,-00039,
0000000984,2298246307,03691,00000,00115,00046,02044,00016,-00113,-00038,
0000000985,2298246318,03691,00000,00114,00043,02050,00016,-00113,-00039,
0000000986,2298246328,03691,00000,00121,00044,02044,00014,-00114,-00040,
0000000987,2298246337,03691,00000,00123,00044,02044,00014,-00113,-00040,
0000000988,2298246347,03691,00000,00118,00047,02048,00015,-00114,-00041,
0000000989,2298246357,03691,00000,00120,00043,02044,00014,-00113,-00042,
0000000990,2298246368,03691,00000,00121,00040,02048,00014,-00114,-00041,
0000000991,2298246377,03691,00000,00118,00045,02053,00015,-00114,-00040,
0000000992,2298246387,03691,00000,00119,00043,02043,00015,-00113,-00040,
0000000993,2298246397,03691,00000,00119,00044,02046,00016,-00115,-00039,
0000000994,2298246408,03691,00000,00114,00044,02045,00015,-00114,-00039,
0000000995,2298246417,03691,00000,00116,00044,02047,00015,-00114,-00040,
0000000996,2298246427,03691,00000,00119,00043,02051,00015,-00114,-00041,
0000000997,2298246437,03691,00000,00118,00048,02046,00015,-00114,-00040,
0000000998,2298246448,03691,00000,00120,00042,02042,00015,-00113,-00040,
0000000999,2298246457,03691,00000,00123,00038,02049,00014,-00114,-00040,
0000001000,2298246467,03691,00000,00119,00045,02042,00015,-00114,-00041,
0000001001,2298246477,03691,00000,00117,00045,02043,00016,-00114,-00040,
0000001002,2298246488,03691,00000,00121,00041,02044,00014,-00114,-00040,
0000001003,2298246498,03691,00000,00119,00042,02052,00014,-00113,-00038,
0000001004,2298246507,03691,00000,00110,00044,02043,00015,-00115,-00040,
0000001005,2298246517,03691,00000,00117,00050,02050,00015,-00115,-00041,
0000001006,2298246527,03691,00000,00116,00046,02049,00014,-00115,-00040,
0000001007,2298246538,03691,00000,00119,00044,02042,00014,-00115,-00040,
0000001008,2298246547,03691,00000,00122,00046,02044,00013,-00114,-00041,
0000001009,2298246557,03691,00000,00122,00044,02048,00015,-00113,-00041,
0000001010,2298246567,03691,00000,00122,00041,02044,00015,-00115,-00040,
0000001011,2298246578,03691,00000,00118,00041,02048,00015,-00113,-00040,
0000001012,2298246587,03691,00000,00117,00044,02044,00015,-00114,-00040,
0000001013,2298246597,03691,00000,00116,00043,02042,00016,-00113,-00040,
0000001014,2298246607,03691,00000,00117,00043,02053,00015,-00114,-00040,
0000001015,2298246618,03691,00000,00114,00045,02043,00015,-00113,-00040,
0000001016,2298246627,03691,00000,00115,00044,02047,00014,-00114,-00040,
0000001017,2298246637,03691,00000,00119,00046,02043,00014,-00115,-00040,
0000001018,2298246647,03691,00000,00120,00046,02048,00016,-00114,-00039,
0000001019,2298246658,03691,00000,00117,00045,02047,00014,-00114,-00039,
0000001020,2298246667,03691,00000,00118,00039,02046,00014,-00114,-00040,
0000001021,2298246677,03691,00000,00117,00048,02051,00014,-00113,-00039,
0000001022,2298246687,03691,00000,00117,00042,02045,00016,-00113,-00039,
0000001023,2298246698,03691,00000,00114,00045,02041,00015,-00114,-00038,
0000001024,2298246707,03691,00000,00117,00046,02046,00015,-00113,-00039,
0000001025,2298246717,03691,00000,00117,00047,02050,00016,-00113,-00040,
0000001026,2298246727,03691,00000,00117,00045,02051,00015,-00114,-00038,
0000001027,2298246737,03691,00000,00118,00040,02045,00015,-00114,-00039,
0000001028,2298246748,03691,00000,00120,00044,02038,00016,-00113,-00040,
0000001029,2298246757,03691,00000,00118,00044,02042,00015,-00113,-00039,
0000001030,2298246767,03691,00000,00120,00047,02039,00014,-00113,-00038,
0000001031,2298246777,03691,00000,00120,00047,02046,00015,-00114,-00038,
0000001032,2298246788,03691,00000,00117,00049,02040,00016,-00113,-00038,
0000001033,2298246797,03691,00000,00115,00048,02041,00014,-00114,-00040,
0000001034,2298246807,03691,00000,00114,00046,02044,00014,-00113,-00040,
0000001035,2298246817,03691,00000,00122,00047,02051,00015,-00114,-00039,
0000001036,2298246828,03691,00000,00125,00040,02052,00015,-00114,-00040,
0000001037,2298246837,03691,00000,00122,00038,02049,00016,-00115,-00040,
0000001038,2298246847,03691,00000,00123,00042,02044,00015,-00114,-00039,
0000001039,2298246857,03691,00000,00116,00042,02044,00015,-00113,-00040,
0000001040,2298246868,03691,00000,00121,00044,02046,00016,-00113,-00040,
0000001041,2298246877,03691,00000,00119,00045,02045,00015,-00114,-00041,
0000001042,2298246887,03691,00000,00118,00047,02047,00014,-00114,-00040,
0000001043,2298246897,03691,00000,00117,00045,02051,00014,-00114,-00040,
0000001044,2298246907,03691,00000,00117,00045,02049,00013,-00114,-00040,
0000001045,2298246917,03691,00000,00112,00042,02049,00013,-00113,-00041,
0000001046,2298246927,03691,00000,00116,00041,02048,00015,-00114,-00040,
0000001047,2298246937,03691,00000,00120,00040,02052,00013,-00114,-00040,
0000001048,2298246947,03691,00000,00118,00041,02059,00014,-00114,-00039,
0000001049,2298246957,03691,00000,00118,00046,02050,00016,-00113,-00040,
0000001050,2298246967,03691,00000,00118,00046,02048,00016,-00114,-00040,
0000001051,2298246977,03691,00000,00119,00048,02038,00016,-00113,-00040,
0000001052,2298246987,03691,00000,00115,00047,02048,00015,-00112,-00041,
0000001053,2298246998,03691,00000,00119,00041,02044,00016,-00112,-00039,
0000001054,2298247007,03691,00000,00117,00043,02040,00016,-00113,-00040,
0000001055,2298247017,03691,00000,00118,00045,02042,00015,-00113,-00042,
0000001056,2298247027,03691,00000,00122,00042,02039,00016,-00113,-00041,
0000001057,2298247038,03691,00000,00120,00050,02042,00017,-00113,-00039,
0000001058,2298247047,03691,00000,00118,00046,02040,00017,-00114,-00040,
0000001059,2298247057,03691,00000,00119,00049,02038,00017,-00113,-00040,
0000001060,2298247067,03691,00000,00119,00047,02048,00016,-00113,-00041,
0000001061,2298247077,03691,00000,00118,00046,02036,00015,-00113,-00040,
0000001062,2298247087,03691,00000,00121,00045,02058,00015,-00115,-00039,
0000001063,2298247097,03691,00000,00119,00044,02055,00014,-00114,-00038,
0000001064,2298247107,03691,00000,00120,00039,02039,00015,-00113,-00039,
0000001065,2298247117,03691,00000,00123,00042,02041,00015,-00114,-00039,
0000001066,2298247127,03691,00000,00120,00046,02053,00015,-00115,-00040,
0000001067,2298247137,03691,00000,00124,00044,02043,00016,-00114,-00039,
0000001068,2298247147,03691,00000,00122,00051,02043,00016,-00114,-00039,
0000001069,2298247157,03691,00000,00119,00052,02046,00014,-00113,-00040,
0000001070,2298247167,03691,00000,00122,00049,02045,00015,-00115,-00041,
0000001071,2298247177,03691,00000,00116,00045,02048,00013,-00115,-00040,
0000001072,2298247187,03691,00000,00115,00047,02049,00014,-00113,-00038,
0000001073,2298247197,03691,00000,00114,00047,02044,00014,-00113,-00039,
0000001074,2298247207,03691,00000,00118,00046,02046,00013,-00114,-00040,
0000001075,2298247217,03691,00000,00111,00039,02048,00014,-00113,-00039,
0000001076,2298247227,03691,00000,00113,00046,02045,00016,-00114,-00040,
0000001077,2298247237,03691,00000,00119,00045,02045,00014,-00113,-00041,
0000001078,2298247248,03691,00000,00122,00047,02043,00015,-00114,-00040,
0000001079,2298247257,03691,00000,00118,00048,02045,00015,-00113,-00039,
0000001080,2298247267,03691,00000,00118,00045,02055,00014,-00113,-00039,
0000001081,2298247277,03691,00000,00123,00041,02061,00014,-00114,-00039,
0000001082,2298247287,03691,00000,00115,00039,02043,00014,-00114,-00039,
0000001083,2298247297,03691,00000,00117,00046,02045,00015,-00112,-00040,
0000001084,2298247307,03691,00000,00116,00043,02037,00013,-00114,-00041,
0000001085,2298247317,03691,00000,00117,00039,02046,00014,-00115,-00040,
0000001086,2298247327,03691,00000,00116,00040,02046,00015,-00114,-00040,
0000001087,2298247337,03691,00000,00119,00041,02049,00016,-00114,-00040,
0000001088,2298247347,03691,00000,00123,00052,02051,00015,-00114,-00040,
0000001089,2298247357,03691,00000,00121,00048,02050,00015,-00114,-00039,
0000001090,2298247367,03691,00000,00116,00044,02033,00014,-00114,-00039,
0000001091,2298247377,03691,00000,00124,00041,02043,00014,-00113,-00038,
0000001092,2298247387,03691,00000,00122,00041,02047,00014,-00113,-00039,
0000001093,2298247397,03691,00000,00116,00044,02047,00014,-00113,-00043,
0000001094,2298247407,03691,00000,00117,00043,02049,00014,-00113,-00041,
0000001095,2298247417,03691,00000,00118,00046,02037,00013,-00113,-00040,
0000001096,2298247427,03691,00000,00117,00043,02048,00014,-00112,-00039,
0000001097,2298247437,03691,00000,00115,00044,02048,00015,-00114,-00040,
0000001098,2298247447,03691,00000,00122,00042,02044,00013,-00114,-00041,
0000001099,2298247457,03691,00000,00126,00047,02052,00015,-00114,-00040,
0000001100,2298247467,03691,00000,00123,00043,02045,00015,-00113,-00039,
0000001101,2298247477,03691,00000,00120,00047,02033,00014,-00113,-00040,
0000001102,2298247487,03691,00000,00125,00043,02044,00014,-00113,-00040,
